78390252911.18796
78393418314.11176
78398274987.44176
78404679086.8752
78412593031.26668
78422002617.372
78432900982.22118
78445284074.56522
78459149050.86896
78474493612.80702
78491315701.17348
78509613341.79398
78529384562.5152
78550627345.97234
78573339601.49426
78597519147.78496
78623163701.94606
78650270872.3809
78678838154.15672
78708862925.9762
78740342448.23242
78773273861.81529
78807654187.45227
78843480325.43974
78880749055.66609
78919457037.8595
78959600812.01126
79001176798.94075
79044181300.97589
79088610502.73099
79134460471.96677
79181727160.52208
79230406405.30872
79280493929.36168
79331985342.9402
79384876144.6746
79439161722.75468
79494837356.15715
79551898215.90894
79610339366.38339
79670155766.62834
79731342271.72266
79793893634.16068
79857804505.26224
79923069436.6067
79989682881.48991
80057639196.40225
80126932642.52704
80197557387.25711
80269507505.7297
80342776982.37708
80417359712.49252
80493249503.81078
80570440078.10112
80648925072.77278
80728698042.49088
80809752460.80284
80892081721.77351
80975679141.62839
81060537960.40349
81146651343.6022
81234012383.85643
81322614102.59276
81412449451.70155
81503511315.20906
81595792510.95085
81689285792.24643
81783983849.57388
81879879312.24367
81976964750.07114
82075232675.04662
82174675543.00272
82275285755.27765
82377055660.37425
82479977555.61406
82584043688.78519
82689246259.78412
82795577422.25024
82903029285.19257
83011593914.6084
83121263335.09286
83232029531.439
83343884450.22781
83456820001.40799
83570828059.86421
83685900466.97401
83802029032.15279
83919205534.38597
84037421723.74854
84156669322.91083
84276940028.63097
84398225513.23283
84520517426.06949
84643807394.97186
84768087027.68216
84893347913.27147
85019581623.54193
85146779714.4124
85274933727.28777
85404035190.41176
85534075620.20264
85665046522.57187
85796939394.22533
85929745723.94722
86063456993.86584
86198064680.70207
86333560256.99925
86469935192.33514
86607180954.51578
86745289010.75058
86884250828.80927
87024057878.16008
87164701631.08939
87306173563.80267
87448465157.5067
87591567899.47285
87735473284.08199
87880172813.85022
88025658000.43594
88171920365.62831
88318951442.31659
88466742775.44115
88615285922.92555
88764572456.59015
88914593963.04695
89065342044.57614
89216808319.98415
89368984425.44327
89521862015.31325
89675432762.94444
89829688361.46317
89984620524.5391
90140220987.13464
90296481506.23709
90453393861.57263
90610949856.3034
90769141317.70709
90927960097.83954
91087398074.18018
91247447150.26083
91408099256.27786
91569346349.68773
91731180415.78627
91893593468.272
92056577549.79324
92220124732.47957
92384227118.45757
92548876840.35143
92714066061.76799
92879786977.76704
93046031815.31645
93212792833.73303
93380062325.1086
93547832614.72202
93716096061.43706
93884845058.08644
94054072031.84224
94223769444.57278
94393929793.18622
94564545609.96127
94735609462.86494
94907113955.85754
95079051729.1854
95251415459.66129
95424197860.93277
95597391683.7387
95770989716.15413
95944984783.82376
96119369750.18419
96294137516.67503
96469281022.93922
96644793247.01282
96820667205.50417
96996895953.76292
97173472586.03899
97350390235.63164
97527642075.02887
97705221316.03745
97883121209.90338
98061335047.42363
98239856159.04869
98418677914.97641
98597793725.2375
98777197039.77223
98956881348.49954
99136840181.37755
99317067108.45673
99497555739.92485
99678299726.14503
99859292757.68605
100040528565.3457
100222000920.16704
100403703633.44775
100585630556.74315
100767775581.8623
100950132640.85802
101132695706.01053
101315458789.80533
101498415944.90468
101681561264.11392
101864888880.34181
102048392966.55539
102232067735.72986
102415907440.79297
102599906374.56439
102784058869.69043
102968359298.57368
103152802073.2982
103337381645.55017
103522092506.53413
103706929186.88486
103891886256.57549
104076958324.821
104262140039.97845
104447426089.443
104632811199.54039
104818290135.41597
105003857700.92009
105189508738.49036
105375238129.03046
105561040791.78607
105746911684.21753
105932845801.86974
106118838178.23921
106304883884.6384
106490978030.05722
106677115761.02234
106863292261.45381
107049502752.51923
107235742492.48595
107422006776.5709
107608290936.78833
107794590341.79536
107980900396.73602
108167216543.08292
108353534258.47751
108539849056.56845
108726156486.84837
108912452134.48903
109098731620.17513
109284990599.93645
109471224764.97885
109657429841.51382
109843601590.58698
110029735807.9051
110215828323.6624
110401875002.36552
110587871742.65756
110773814477.14134
110959699172.20157
111145521827.82623
111331278477.42746
111516965187.66135
111702578058.2472
111888113221.78636
112073566843.58025
112258935121.44794
112444214285.54335
112629400598.17178
112814490353.60638
112999479877.904
113184365528.72089
113369143695.12808
113553810797.42654
113738363286.96222
113922797645.94075
114107110387.24231
114291298054.23627
114475357220.59566
114659284490.1119
114843076496.50937
115026729903.26009
115210241403.39847
115393607719.33626
115576825602.6775
115759891834.0337
115942803222.8393
116125556607.16724
116308148853.54485
116490576856.77002
116672837539.72768
116854927853.20647
117036844775.71594
117218585313.30408
117400146499.37517
117581525394.50801
117762719086.2747
117943724689.05989
118124539343.88031
118305160218.20508
118485584505.77603
118665809426.42934
118845832225.91676
119025650175.72816
119205260572.91437
119384660739.91043
119563848024.3597
119742819798.9385
119921573461.18144
120100106433.30702
120278416162.04454
120456500118.46106
120634355797.7893
120811980719.25642
120989372425.91306
121166528484.4633
121343446485.09554
121520124041.31366
121696558789.76932
121872748390.0949
122048690524.73691
122224382898.79059
122399823239.83498
122575009297.76881
122749938844.6473
122924609674.51955
123099019603.26685
123273166468.44185
123447048129.10832
123620662465.68187
123794007379.77155
123967080794.02194
124139880651.95653
124312404917.82153
124484651576.4307
124656618633.01103
124828304113.04907
124999706062.13837
125170822545.8275
125341651649.46909
125512191478.06964
125682440156.14012
125852395827.54765
126022056655.3678
126191420821.73767
126360486527.71027
126529251993.10913
126697715456.38428
126865875174.46895
127033729422.63689
127201276494.36082
127368514701.17177
127535442372.51888
127702057855.6306
127868359515.37633
128034345734.12915
128200014911.62923
128365365464.84839
128530395827.85501
128695104451.68037
128859489804.18542
129023550369.92863
129187284650.03458
129350691162.06349
129513768439.88145
129676515033.53163
129838929509.10635
130001010448.61983
130162756449.88194
130324166126.37276
130485238107.1179
130645971036.56477
130806363574.45947
130966414395.7248
131126122190.33894
131285485663.21497
131444503534.08102
131603174537.36172
131761497422.06003
131919470951.63991
132077093903.91019
132234365070.90877
132391283258.78786
132547847287.70006
132704055991.68515
132859908218.5577
133015402829.7954
133170538700.4284
133325314718.92915
133479729787.10323
133633782819.98087
133787472745.70926
133940798505.4456
134093759053.25111
134246353355.98547
134398580393.20229
134550439157.04526
134701928652.1451
134853047895.51703
135003795916.45937
135154171756.45258
135304174469.05917
135453803119.82423
135603056786.17694
135751934557.33261
135900435534.19533
136048558829.26164
136196303566.52489
136343668881.37984
136490653920.52873
136637257841.88734
136783479814.4923
136929319018.40875
137074774644.63873
137219845895.03055
137364531982.1884
137508832129.38312
137652745570.46323
137796271549.76685
137939409322.0343
138082158152.3213
138224517315.91278
138366486098.2376
138508063794.78357
138649249711.01334
138790043162.28098
138930443473.74905
139070449980.30637
139210062026.48645
139349278966.38654
139488100163.58728
139626524991.07312
