-6.191074455089944e+33
-6.190854946058713e+33
-6.19063529201704e+33
-6.190415515366802e+33
-6.190195638493577e+33
-6.189975683762382e+33
-6.189755673513476e+33
-6.189535630058158e+33
-6.18931557567461e+33
-6.189095532603722e+33
-6.188875523044996e+33
-6.188655569152434e+33
-6.188435693030437e+33
-6.188215916729799e+33
-6.187996262243674e+33
-6.18777675150357e+33
-6.18755740637541e+33
-6.187338248655593e+33
-6.187119300067104e+33
-6.186900582255647e+33
-6.186682116785857e+33
-6.186463925137441e+33
-6.1862460287015e+33
-6.186028448776764e+33
-6.185811206565934e+33
-6.185594323172075e+33
-6.185377819594955e+33
-6.185161716727569e+33
-6.18494603535256e+33
-6.184730796138813e+33
-6.184516019637941e+33
-6.184301726281002e+33
-6.184087936375085e+33
-6.183874670100058e+33
-6.183661947505262e+33
-6.18344978850638e+33
-6.183238212882203e+33
-6.183027240271548e+33
-6.18281689017019e+33
-6.182607181927809e+33
-6.182398134745021e+33
-6.18218976767047e+33
-6.181982099597865e+33
-6.181775149263207e+33
-6.181568935241954e+33
-6.181363475946254e+33
-6.181158789622267e+33
-6.180954894347464e+33
-6.180751808028049e+33
-6.180549548396321e+33
-6.180348133008224e+33
-6.180147579240776e+33
-6.179947904289679e+33
-6.179749125166929e+33
-6.179551258698401e+33
-6.179354321521631e+33
-6.179158330083447e+33
-6.178963300637834e+33
-6.178769249243692e+33
-6.178576191762738e+33
-6.178384143857392e+33
-6.178193120988751e+33
-6.178003138414534e+33
-6.177814211187163e+33
-6.177626354151818e+33
-6.177439581944559e+33
-6.177253908990475e+33
-6.177069349501905e+33
-6.176885917476657e+33
-6.176703626696309e+33
-6.176522490724528e+33
-6.17634252290542e+33
-6.176163736361972e+33
-6.175986143994449e+33
-6.175809758478912e+33
-6.175634592265744e+33
-6.175460657578176e+33
-6.175287966410941e+33
-6.175116530528882e+33
-6.174946361465658e+33
-6.174777470522426e+33
-6.17460986876665e+33
-6.174443567030857e+33
-6.174278575911493e+33
-6.174114905767791e+33
-6.173952566720678e+33
-6.173791568651731e+33
-6.173631921202153e+33
-6.1734736337718e+33
-6.173316715518254e+33
-6.173161175355898e+33
-6.173007021955074e+33
-6.172854263741216e+33
-6.172702908894097e+33
-6.172552965347058e+33
-6.172404440786273e+33
-6.172257342650091e+33
-6.172111678128364e+33
-6.171967454161826e+33
-6.171824677441579e+33
-6.171683354408455e+33
-6.171543491252587e+33
-6.171405093912903e+33
-6.171268168076698e+33
-6.17113271917924e+33
-6.170998752403406e+33
-6.170866272679331e+33
-6.170735284684126e+33
-6.170605792841636e+33
-6.170477801322197e+33
-6.170351314042444e+33
-6.170226334665155e+33
-6.17010286659916e+33
-6.169980912999203e+33
-6.169860476765947e+33
-6.169741560545915e+33
-6.169624166731544e+33
-6.169508297461215e+33
-6.16939395461936e+33
-6.169281139836569e+33
-6.169169854489766e+33
-6.169060099702377e+33
-6.168951876344596e+33
-6.168845185033639e+33
-6.168740026134027e+33
-6.16863639975792e+33
-6.168534305765511e+33
-6.168433743765437e+33
-6.168334713115179e+33
-6.168237212921566e+33
-6.168141242041318e+33
-6.168046799081519e+33
-6.167953882400291e+33
-6.167862490107348e+33
-6.167772620064675e+33
-6.167684269887251e+33
-6.167597436943727e+33
-6.167512118357238e+33
-6.167428311006166e+33
-6.167346011525043e+33
-6.167265216305341e+33
-6.167185921496488e+33
-6.167108123006741e+33
-6.167031816504218e+33
-6.1669569974179e+33
-6.166883660938726e+33
-6.166811802020687e+33
-6.16674141538195e+33
-6.166672495506083e+33
-6.166605036643215e+33
-6.166539032811353e+33
-6.166474477797654e+33
-6.16641136515974e+33
-6.166349688227128e+33
-6.166289440102597e+33
-6.166230613663669e+33
-6.166173201564113e+33
-6.166117196235452e+33
-6.166062589888548e+33
-6.166009374515266e+33
-6.165957541890036e+33
-6.165907083571651e+33
-6.16585799090496e+33
-6.165810255022618e+33
-6.165763866846975e+33
-6.165718817091886e+33
-6.165675096264641e+33
-6.16563269466791e+33
-6.16559160240172e+33
-6.165551809365484e+33
-6.165513305260097e+33
-6.165476079590008e+33
-6.165440121665433e+33
-6.165405420604494e+33
-6.165371965335511e+33
-6.165339744599246e+33
-6.165308746951254e+33
-6.165278960764252e+33
-6.1652503742305e+33
-6.1652229753643e+33
-6.165196752004468e+33
-6.165171691816862e+33
-6.165147782296998e+33
-6.165125010772642e+33
-6.165103364406489e+33
-6.165082830198882e+33
-6.165063394990542e+33
-6.165045045465416e+33
-6.165027768153421e+33
-6.165011549433409e+33
-6.164996375536058e+33
-6.164982232546841e+33
-6.164969106408994e+33
-6.164956982926613e+33
-6.164945847767716e+33
-6.164935686467386e+33
-6.16492648443093e+33
-6.164918226937067e+33
-6.164910899141234e+33
-6.164904486078826e+33
-6.164898972668558e+33
-6.164894343715813e+33
-6.164890583916065e+33
-6.164887677858318e+33
-6.164885610028595e+33
-6.164884364813465e+33
-6.164883926503595e+33
-6.164884279297368e+33
-6.164885407304465e+33
-6.164887294549614e+33
-6.164889924976212e+33
-6.164893282450131e+33
-6.164897350763449e+33
-6.164902113638276e+33
-6.164907554730602e+33
-6.164913657634138e+33
-6.164920405884235e+33
-6.164927782961848e+33
-6.164935772297453e+33
-6.164944357275056e+33
-6.164953521236231e+33
-6.164963247484158e+33
-6.164973519287691e+33
-6.164984319885462e+33
-6.164995632490033e+33
-6.165007440292009e+33
-6.165019726464248e+33
-6.16503247416601e+33
-6.165045666547233e+33
-6.165059286752728e+33
-6.165073317926446e+33
-6.16508774321576e+33
-6.165102545775755e+33
-6.165117708773522e+33
-6.165133215392503e+33
-6.165149048836793e+33
-6.165165192335526e+33
-6.165181629147204e+33
-6.165198342564088e+33
-6.165215315916549e+33
-6.165232532577471e+33
-6.165249975966642e+33
-6.165267629555164e+33
-6.165285476869783e+33
-6.165303501497394e+33
-6.165321687089347e+33
-6.165340017365917e+33
-6.165358476120645e+33
-6.165377047224793e+33
-6.165395714631683e+33
-6.165414462381094e+33
-6.165433274603657e+33
-6.165452135525196e+33
-6.165471029471104e+33
-6.165489940870654e+33
-6.16550885426139e+33
-6.165527754293354e+33
-6.165546625733438e+33
-6.165565453469667e+33
-6.165584222515426e+33
-6.165602918013696e+33
-6.165621525241312e+33
-6.165640029613074e+33
-6.16565841668598e+33
-6.165676672163321e+33
-6.16569478189877e+33
-6.165712731900498e+33
-6.165730508335184e+33
-6.165748097532014e+33
-6.165765485986659e+33
-6.165782660365225e+33
-6.165799607508079e+33
-6.165816314433791e+33
-6.16583276834285e+33
-6.165848956621504e+33
-6.165864866845436e+33
-6.165880486783421e+33
-6.165895804401001e+33
-6.165910807864009e+33
-6.165925485542101e+33
-6.165939826012243e+33
-6.165953818062103e+33
-6.165967450693389e+33
-6.165980713125191e+33
-6.165993594797201e+33
-6.166006085372862e+33
-6.166018174742536e+33
-6.166029853026505e+33
-6.166041110578002e+33
-6.166051937986103e+33
-6.166062326078599e+33
-6.166072265924763e+33
-6.166081748838087e+33
-6.166090766378912e+33
-6.166099310356995e+33
-6.166107372834029e+33
-6.166114946126043e+33
-6.166122022805769e+33
-6.166128595704879e+33
-6.166134657916219e+33
-6.16614020279589e+33
-6.166145223965313e+33
-6.16614971531312e+33
-6.166153670997108e+33
-6.166157085445961e+33
-6.166159953360963e+33
-6.166162269717643e+33
-6.166164029767289e+33
-6.166165229038387e+33
-6.166165863338002e+33
-6.166165928753034e+33
-6.166165421651426e+33
-6.166164338683212e+33
-6.166162676781578e+33
-6.166160433163753e+33
-6.166157605331834e+33
-6.166154191073533e+33
-6.16615018846282e+33
-6.166145595860478e+33
-6.166140411914556e+33
-6.166134635560764e+33
-6.166128266022739e+33
-6.166121302812208e+33
-6.166113745729147e+33
-6.166105594861733e+33
-6.166096850586281e+33
-6.16608751356702e+33
-6.166077584755917e+33
-6.166067065392198e+33
-6.166055957001982e+33
-6.16604426139769e+33
-6.166031980677425e+33
-6.166019117224228e+33
-6.166005673705281e+33
-6.165991653070984e+33
-6.165977058553966e+33
-6.165961893667981e+33
-6.165946162206744e+33
-6.165929868242686e+33
-6.165913016125575e+33
-6.165895610481075e+33
-6.165877656209265e+33
-6.165859158482974e+33
-6.165840122746131e+33
-6.165820554711974e+33
-6.165800460361185e+33
-6.165779845939954e+33
-6.16575871795795e+33
-6.165737083186239e+33
-6.165714948655075e+33
-6.165692321651671e+33
-6.165669209717824e+33
-6.165645620647548e+33
-6.165621562484541e+33
-6.165597043519675e+33
-6.165572072288318e+33
-6.165546657567651e+33
-6.165520808373913e+33
-6.165494533959507e+33
-6.165467843810161e+33
-6.165440747641881e+33
-6.16541325539797e+33
-6.165385377245894e+33
-6.165357123574109e+33
-6.165328504988875e+33
-6.165299532310928e+33
-6.165270216572186e+33
-6.165240569012286e+33
-6.165210601075182e+33
-6.16518032440565e+33
-6.165149750845671e+33
-6.165118892430899e+33
-6.165087761386933e+33
-6.16505637012567e+33
-6.165024731241528e+33
-6.164992857507655e+33
-6.164960761872115e+33
-6.164928457454006e+33
-6.164895957539523e+33
-6.164863275578046e+33
-6.164830425178107e+33
-6.164797420103419e+33
-6.164764274268789e+33
-6.164731001736031e+33
-6.164697616709879e+33
-6.16466413353382e+33
-6.164630566685931e+33
-6.164596930774695e+33
-6.164563240534764e+33
-6.164529510822755e+33
-6.164495756612953e+33
-6.164461992993064e+33
-6.164428235159911e+33
-6.164394498415118e+33
-6.1643607981608e+33
-6.164327149895231e+33
-6.16429356920847e+33
-6.164260071778049e+33
-6.164226673364595e+33
-6.164193389807422e+33
-6.164160237020234e+33
-6.164127230986682e+33
-6.164094387756006e+33
-6.164061723438678e+33
-6.164029254201996e+33
-6.163996996265704e+33
-6.163964965897657e+33
-6.163933179409405e+33
-6.163901653151877e+33
-6.163870403510987e+33
-6.163839446903316e+33
-6.163808799771768e+33
-6.163778478581231e+33
-6.163748499814313e+33
-6.163718879966971e+33
-6.163689635544307e+33
-6.16366078305623e+33
-6.163632339013262e+33
-6.163604319922267e+33
-6.16357674228227e+33
-6.163549622580227e+33
-6.16352297728689e+33
